$ 1 0.000005 10.20027730826997 50 12 43 5e-11
v 112 304 112 128 0 2 200 3.5 8.5 0 0.5
r 112 128 240 128 0 0.5
z 240 304 240 128 1 0.805904783 5.6
w 112 304 240 304 0
r 336 128 336 304 0 100
w 240 128 336 128 0
w 240 304 336 304 0
g 240 304 240 352 0
p 432 128 432 304 0 0 0
w 336 128 432 128 0
w 336 304 432 304 0
x 48 96 340 99 4 14 USB\sinput:\s5\sV\snormally,\s12\sV\ssurge\spulses
x 148 160 220 163 4 12 F1\sPTC
x 250 200 330 203 4 12 D60\sTVS\sclamp
x 340 340 480 343 4 14 protected\selectronics
