$ 1 5e-8 10.20027730826997 50 5 43 5e-11
v 112 304 112 128 0 0 40 3 0 0 0.5
w 112 128 208 128 0
l 208 128 320 128 0 0.000022 0
f 336 224 336 128 8 1.5 0.02
R 272 224 240 224 0 2 50000 2.5 2.5 0 0.25
w 272 224 336 224 0
w 352 128 352 176 0
g 352 176 352 192 0
w 112 304 112 352 0
g 112 352 112 368 0
w 320 128 320 80 0
d 320 80 464 80 2 default
c 464 80 464 224 0 0.0001 3.5
w 464 224 464 256 0
g 464 256 464 272 0
r 560 80 560 224 0 20
w 464 80 560 80 0
w 560 224 560 256 0
g 560 256 560 272 0
p 624 80 624 224 0 0 0
w 560 80 624 80 0
w 624 224 624 256 0
g 624 256 624 272 0
x 96 96 260 99 4 14 3.0\sV\stired\sbattery
x 400 56 520 59 4 14 diode\s->\s3V3\srail
x 500 290 640 293 4 14 load\s(toy\selectronics)
