$ 1 0.000005 10.20027730826997 50 5 43 5e-11
v 112 288 112 128 0 1 1000 1.6 0 0 0.5
l 176 128 272 128 0 1e-6 0
w 112 128 176 128 0
r 336 128 336 224 0 8
l 336 224 336 288 0 0.00004 0
l 176 288 272 288 0 1e-6 0
w 112 288 176 288 0
w 272 288 336 288 0
w 272 128 336 128 0
c 400 128 400 288 0 1e-7 0
w 336 128 400 128 0
w 336 288 400 288 0
g 112 288 112 336 0
p 464 128 464 288 0 0 0
w 400 128 464 128 0
w 400 288 464 288 0
x 60 96 300 99 4 14 MAX98357A\soutput\s(1\skHz\stone)
x 300 336 470 339 4 14 8-ohm\sspeaker\s(coil\smodel)
x 150 160 240 163 4 12 FB1\sferrite
x 150 320 240 323 4 12 FB2\sferrite
