$ 1 0.000005 10.20027730826997 50 5 43 5e-11
R 112 96 112 64 0 0 40 3.3 0 0 0.5
r 112 96 112 192 0 10000
s 112 192 112 288 0 1 false
g 112 288 112 320 0
c 208 192 208 288 0 1e-7 0
w 112 192 208 192 0
g 208 288 208 320 0
p 288 192 288 288 0 0 0
w 208 192 288 192 0
g 288 288 288 320 0
x 60 48 260 51 4 14 BUTTON\s->\sGPIO18\s(press\ss\sto\stest)
R 448 96 448 64 0 0 40 3.3 0 0 0.5
174 448 96 448 224 0 10000 0.5 Volume
w 464 160 512 160 0
r 512 160 608 160 0 1000
c 608 160 608 256 0 1e-7 0
g 608 256 608 288 0
p 688 160 688 256 0 0 0
w 608 160 688 160 0
g 688 256 688 288 0
w 448 224 448 256 0
g 448 256 448 288 0
x 420 48 660 51 4 14 VOLUME\sKNOB\s->\sADC\s(GPIO8)
